1024
1 11 0 0 -8.39536e-06 5.46131e-07 0.122999 0.000511
1 11 0 0 -8.8154e-07 -9.56314e-07 0.123 0.000511
1 11 0 0 -3.98728e-06 -1.10828e-06 0.123001 0.000511
1 11 0 0 -2.61341e-06 1.59911e-07 0.122998 0.000511
1 11 0 0 -2.22694e-06 7.11862e-10 0.122999 0.000511
1 11 0 0 1.94466e-06 -3.81523e-06 0.122999 0.000511
1 11 0 0 6.57927e-07 1.90757e-06 0.122998 0.000511
1 11 0 0 2.15318e-06 -1.96279e-06 0.123 0.000511
1 11 0 0 -2.88039e-06 4.78862e-07 0.122999 0.000511
1 11 0 0 4.30641e-06 -1.14118e-06 0.122999 0.000511
1 11 0 0 3.7466e-06 2.75886e-06 0.123001 0.000511
1 11 0 0 -4.83357e-06 -3.1783e-07 0.122999 0.000511
1 11 0 0 -8.61473e-07 1.07078e-06 0.122998 0.000511
1 11 0 0 3.25263e-06 -5.96527e-07 0.122999 0.000511
1 11 0 0 -1.88782e-06 -9.19534e-07 0.122999 0.000511
1 11 0 0 5.75281e-06 4.72102e-06 0.123 0.000511
1 11 0 0 -6.00022e-07 -3.15737e-07 0.122999 0.000511
1 11 0 0 3.71672e-06 -2.81986e-06 0.122999 0.000511
1 11 0 0 -2.97587e-06 2.04777e-06 0.122999 0.000511
1 11 0 0 -5.94329e-07 3.63921e-06 0.122999 0.000511
1 11 0 0 2.0768e-06 -2.11411e-06 0.123 0.000511
1 11 0 0 4.06948e-06 -4.20449e-06 0.122999 0.000511
1 11 0 0 3.23182e-06 -1.98174e-07 0.122999 0.000511
1 11 0 0 -5.41365e-06 3.72862e-06 0.122999 0.000511
1 11 0 0 -3.96969e-07 -2.10457e-06 0.123 0.000511
1 11 0 0 -8.68459e-06 -1.16354e-06 0.123 0.000511
1 11 0 0 -2.49441e-06 -4.81353e-07 0.122999 0.000511
1 11 0 0 1.11793e-06 -2.152e-06 0.123 0.000511
1 11 0 0 4.49383e-06 5.74697e-06 0.122999 0.000511
1 11 0 0 1.9374e-06 5.72628e-07 0.122999 0.000511
1 11 0 0 9.52719e-06 -5.51155e-06 0.123 0.000511
1 11 0 0 -3.09955e-06 -3.35529e-06 0.122999 0.000511
1 11 0 0 -5.57891e-06 2.12069e-06 0.122999 0.000511
1 11 0 0 -1.4352e-06 2.60483e-06 0.122998 0.000511
1 11 0 0 3.23341e-06 -2.86132e-06 0.122999 0.000511
1 11 0 0 2.67213e-07 -3.85336e-06 0.122999 0.000511
1 11 0 0 -2.21875e-06 -3.64895e-06 0.123 0.000511
1 11 0 0 -1.88361e-06 -2.83067e-06 0.122999 0.000511
1 11 0 0 -1.92499e-06 1.64288e-06 0.122999 0.000511
1 11 0 0 -7.97372e-06 7.25858e-06 0.122999 0.000511
1 11 0 0 1.9565e-06 -3.32147e-06 0.122999 0.000511
1 11 0 0 2.04482e-06 -2.4048e-06 0.122999 0.000511
1 11 0 0 1.62234e-06 3.0659e-06 0.122998 0.000511
1 11 0 0 -4.17067e-06 4.01331e-06 0.122999 0.000511
1 11 0 0 2.02894e-06 1.69542e-06 0.122999 0.000511
1 11 0 0 1.85309e-06 -2.766e-06 0.122999 0.000511
1 11 0 0 -5.32635e-06 3.97247e-06 0.122999 0.000511
1 11 0 0 -2.49407e-07 -4.31734e-06 0.123 0.000511
1 11 0 0 5.07759e-06 -2.79439e-06 0.123 0.000511
1 11 0 0 3.57153e-06 -2.94042e-06 0.122998 0.000511
1 11 0 0 6.73382e-07 -4.02387e-06 0.122999 0.000511
1 11 0 0 7.57543e-07 -1.84355e-07 0.122999 0.000511
1 11 0 0 1.93949e-06 -4.09974e-07 0.122999 0.000511
1 11 0 0 5.0001e-06 4.64104e-06 0.122999 0.000511
1 11 0 0 4.94581e-06 -6.90883e-06 0.122999 0.000511
1 11 0 0 2.60926e-07 -5.39718e-07 0.122999 0.000511
1 11 0 0 -1.49554e-06 -4.45274e-07 0.122999 0.000511
1 11 0 0 1.04554e-06 -1.57071e-06 0.122999 0.000511
1 11 0 0 5.5922e-06 -2.79701e-06 0.123 0.000511
1 11 0 0 -1.69576e-06 -5.50926e-06 0.122999 0.000511
1 11 0 0 -4.68267e-06 -1.35375e-07 0.122999 0.000511
1 11 0 0 8.63643e-07 1.27595e-06 0.123 0.000511
1 11 0 0 -1.71932e-06 5.02754e-06 0.122999 0.000511
1 11 0 0 -1.86169e-06 -2.1933e-06 0.122999 0.000511
1 11 0 0 7.30154e-06 5.57972e-06 0.122999 0.000511
1 11 0 0 -7.43887e-07 -5.36264e-06 0.122999 0.000511
1 11 0 0 -7.83939e-07 4.74045e-06 0.122999 0.000511
1 11 0 0 4.18791e-06 -2.29202e-06 0.122999 0.000511
1 11 0 0 -3.29452e-06 -8.47687e-07 0.122998 0.000511
1 11 0 0 -4.19852e-06 3.58228e-06 0.123 0.000511
1 11 0 0 -4.24921e-07 2.4986e-06 0.123001 0.000511
1 11 0 0 4.41605e-06 -1.21872e-06 0.122999 0.000511
1 11 0 0 -2.56945e-06 -3.41648e-06 0.122998 0.000511
1 11 0 0 2.26769e-06 5.35396e-06 0.123 0.000511
1 11 0 0 9.28959e-07 1.63224e-07 0.122999 0.000511
1 11 0 0 -8.42836e-06 1.06706e-06 0.123 0.000511
1 11 0 0 4.38543e-06 -2.84657e-06 0.122999 0.000511
1 11 0 0 1.43903e-07 7.59597e-07 0.122999 0.000511
1 11 0 0 3.51526e-06 4.24223e-06 0.122998 0.000511
1 11 0 0 -4.45404e-07 -3.61545e-07 0.122998 0.000511
1 11 0 0 -2.23027e-07 2.72394e-06 0.122999 0.000511
1 11 0 0 -5.84331e-06 -1.57616e-06 0.122999 0.000511
1 11 0 0 2.46597e-06 1.32584e-06 0.123 0.000511
1 11 0 0 6.59511e-07 -1.51983e-06 0.122999 0.000511
1 11 0 0 6.91725e-06 -7.83391e-07 0.122999 0.000511
1 11 0 0 7.52303e-06 1.73619e-06 0.122998 0.000511
1 11 0 0 -3.64329e-06 -2.85046e-06 0.122999 0.000511
1 11 0 0 -6.7372e-06 -1.63327e-06 0.122999 0.000511
1 11 0 0 -4.85977e-06 3.48193e-06 0.123 0.000511
1 11 0 0 -1.27536e-06 3.68909e-06 0.123 0.000511
1 11 0 0 7.45102e-06 2.91989e-06 0.123 0.000511
1 11 0 0 6.71186e-06 -2.94883e-07 0.122999 0.000511
1 11 0 0 3.3569e-06 -4.58214e-06 0.122999 0.000511
1 11 0 0 -4.67178e-07 -1.2407e-06 0.122999 0.000511
1 11 0 0 5.57641e-06 3.57865e-06 0.123 0.000511
1 11 0 0 -4.39717e-06 2.91718e-06 0.122999 0.000511
1 11 0 0 8.73957e-06 1.85688e-06 0.123 0.000511
1 11 0 0 2.1768e-06 -2.27647e-06 0.122998 0.000511
1 11 0 0 -1.04352e-06 -3.60265e-06 0.122999 0.000511
1 11 0 0 2.71848e-06 2.89184e-06 0.122998 0.000511
1 11 0 0 -1.09925e-05 -3.27767e-06 0.122998 0.000511
1 11 0 0 2.52328e-07 -3.92555e-06 0.122999 0.000511
1 11 0 0 -1.73283e-06 3.76885e-06 0.123 0.000511
1 11 0 0 3.04431e-06 -1.7647e-06 0.122998 0.000511
1 11 0 0 9.09123e-07 -1.53662e-06 0.123 0.000511
1 11 0 0 -1.92858e-06 -1.72724e-06 0.123 0.000511
1 11 0 0 -8.90155e-08 5.32868e-07 0.123 0.000511
1 11 0 0 5.43131e-06 8.76801e-07 0.122999 0.000511
1 11 0 0 -2.78537e-06 2.56583e-06 0.122999 0.000511
1 11 0 0 1.38281e-06 -4.58058e-07 0.123 0.000511
1 11 0 0 -3.51626e-06 -1.55796e-06 0.122999 0.000511
1 11 0 0 -1.156e-06 3.93975e-06 0.122999 0.000511
1 11 0 0 8.87152e-06 -6.38961e-06 0.123 0.000511
1 11 0 0 4.85726e-06 2.02077e-06 0.122999 0.000511
1 11 0 0 -1.56178e-07 2.26813e-06 0.122998 0.000511
1 11 0 0 6.19171e-06 -5.38406e-06 0.122999 0.000511
1 11 0 0 4.65476e-06 -3.49534e-06 0.122998 0.000511
1 11 0 0 1.60139e-06 1.31117e-06 0.122999 0.000511
1 11 0 0 -7.83408e-06 -1.28416e-06 0.122999 0.000511
1 11 0 0 -3.36145e-07 1.80396e-06 0.122999 0.000511
1 11 0 0 2.27108e-06 2.36136e-07 0.122999 0.000511
1 11 0 0 7.37551e-07 -5.51956e-07 0.122999 0.000511
1 11 0 0 -2.03131e-06 -3.44083e-06 0.123 0.000511
1 11 0 0 3.96795e-06 8.48217e-07 0.123 0.000511
1 11 0 0 -2.5212e-06 2.21232e-06 0.122999 0.000511
1 11 0 0 -6.15133e-06 4.37138e-06 0.123 0.000511
1 11 0 0 1.55369e-06 -2.51325e-06 0.123 0.000511
1 11 0 0 3.11345e-06 1.32376e-06 0.123 0.000511
1 11 0 0 -4.51732e-06 -3.00394e-06 0.122999 0.000511
1 11 0 0 -2.81086e-06 3.54435e-06 0.122998 0.000511
1 11 0 0 -1.61439e-06 -3.04547e-07 0.122999 0.000511
1 11 0 0 3.40756e-06 6.92343e-07 0.122999 0.000511
1 11 0 0 -5.68211e-06 6.05712e-07 0.123 0.000511
1 11 0 0 -4.84982e-06 -2.54111e-06 0.122998 0.000511
1 11 0 0 1.68258e-06 1.20356e-06 0.123 0.000511
1 11 0 0 -1.14038e-06 -3.23498e-06 0.122999 0.000511
1 11 0 0 2.16552e-06 -4.46382e-06 0.123 0.000511
1 11 0 0 1.52967e-06 3.03656e-06 0.123001 0.000511
1 11 0 0 6.56272e-07 -1.58272e-06 0.122999 0.000511
1 11 0 0 -5.87613e-06 -1.05664e-06 0.123 0.000511
1 11 0 0 -1.54999e-07 6.67214e-07 0.122999 0.000511
1 11 0 0 -5.19979e-06 3.71485e-06 0.123 0.000511
1 11 0 0 -6.32342e-07 2.79195e-06 0.122999 0.000511
1 11 0 0 -2.07724e-06 7.43094e-07 0.122999 0.000511
1 11 0 0 -6.35049e-06 -1.49646e-06 0.122999 0.000511
1 11 0 0 -2.86567e-06 7.62876e-06 0.122998 0.000511
1 11 0 0 -1.74529e-06 -7.32523e-07 0.122999 0.000511
1 11 0 0 4.84097e-06 -1.69493e-06 0.123 0.000511
1 11 0 0 -4.84752e-06 -6.78922e-06 0.123 0.000511
1 11 0 0 1.28211e-06 2.18196e-06 0.122999 0.000511
1 11 0 0 -2.26728e-06 -1.29811e-06 0.122999 0.000511
1 11 0 0 6.20924e-06 -4.46947e-07 0.123 0.000511
1 11 0 0 -3.29727e-06 1.04544e-06 0.122999 0.000511
1 11 0 0 8.3586e-06 1.73208e-06 0.122999 0.000511
1 11 0 0 1.60794e-06 -6.37039e-07 0.123 0.000511
1 11 0 0 -4.75832e-06 3.15731e-06 0.123 0.000511
1 11 0 0 -3.18643e-06 -5.30408e-06 0.122999 0.000511
1 11 0 0 -2.93433e-06 -1.40313e-07 0.123 0.000511
1 11 0 0 5.73988e-06 6.05612e-06 0.122998 0.000511
1 11 0 0 -3.19399e-06 5.4809e-06 0.122999 0.000511
1 11 0 0 -2.06508e-06 2.11573e-06 0.123 0.000511
1 11 0 0 -2.08028e-06 1.44677e-06 0.122999 0.000511
1 11 0 0 -7.39296e-06 1.7077e-06 0.122998 0.000511
1 11 0 0 -5.1607e-07 6.42062e-06 0.122998 0.000511
1 11 0 0 5.41247e-07 -5.67888e-07 0.122999 0.000511
1 11 0 0 1.10748e-06 -1.6578e-06 0.123 0.000511
1 11 0 0 1.23347e-06 2.47572e-06 0.122999 0.000511
1 11 0 0 -7.57138e-06 3.00898e-06 0.122999 0.000511
1 11 0 0 -2.32432e-06 2.89279e-06 0.122999 0.000511
1 11 0 0 -4.5044e-06 -2.62416e-06 0.122999 0.000511
1 11 0 0 7.92183e-06 7.59715e-07 0.122999 0.000511
1 11 0 0 9.41918e-06 -2.70335e-06 0.123 0.000511
1 11 0 0 1.72647e-06 -2.67315e-06 0.122999 0.000511
1 11 0 0 1.80238e-06 -2.13483e-06 0.122999 0.000511
1 11 0 0 3.05635e-06 -4.89345e-06 0.123001 0.000511
1 11 0 0 3.53834e-07 -1.50587e-06 0.122998 0.000511
1 11 0 0 2.13918e-06 -3.24879e-06 0.122998 0.000511
1 11 0 0 2.14688e-07 -3.31846e-07 0.122999 0.000511
1 11 0 0 2.69363e-08 -6.453e-07 0.122999 0.000511
1 11 0 0 -2.8065e-07 5.66357e-06 0.122999 0.000511
1 11 0 0 8.13122e-07 -3.51606e-06 0.122999 0.000511
1 11 0 0 4.016e-06 4.68296e-06 0.122999 0.000511
1 11 0 0 3.68002e-06 -8.905e-07 0.123 0.000511
1 11 0 0 -5.50929e-07 -1.27662e-06 0.122999 0.000511
1 11 0 0 -5.33847e-06 4.41444e-06 0.122999 0.000511
1 11 0 0 2.64941e-06 9.08227e-07 0.122998 0.000511
1 11 0 0 7.637e-06 3.46187e-06 0.122998 0.000511
1 11 0 0 -2.6385e-06 -5.28204e-06 0.123 0.000511
1 11 0 0 -8.85869e-07 4.32835e-06 0.123 0.000511
1 11 0 0 9.47094e-07 -4.97334e-06 0.122997 0.000511
1 11 0 0 4.20925e-06 -6.6292e-06 0.122999 0.000511
1 11 0 0 -3.21763e-06 -5.33848e-06 0.122999 0.000511
1 11 0 0 1.40178e-06 1.3247e-06 0.122999 0.000511
1 11 0 0 -5.96719e-06 4.02329e-07 0.122999 0.000511
1 11 0 0 -1.36458e-06 -3.85025e-08 0.122999 0.000511
1 11 0 0 1.52981e-06 4.66113e-06 0.122999 0.000511
1 11 0 0 2.54648e-06 -6.44554e-06 0.122998 0.000511
1 11 0 0 -6.68111e-06 -1.41412e-06 0.123 0.000511
1 11 0 0 2.87263e-06 -1.2816e-06 0.123 0.000511
1 11 0 0 4.39752e-09 -4.45052e-06 0.122999 0.000511
1 11 0 0 -2.45046e-06 -1.98155e-06 0.122999 0.000511
1 11 0 0 2.23842e-06 -3.13752e-06 0.122999 0.000511
1 11 0 0 -5.07934e-06 -2.94945e-06 0.123 0.000511
1 11 0 0 -3.5143e-06 -4.8029e-06 0.123 0.000511
1 11 0 0 6.10532e-06 -6.33181e-06 0.122999 0.000511
1 11 0 0 -7.55034e-07 -1.69092e-06 0.123 0.000511
1 11 0 0 3.22173e-06 9.20103e-07 0.122999 0.000511
1 11 0 0 -3.48927e-07 3.31947e-06 0.122999 0.000511
1 11 0 0 4.11418e-06 -6.98505e-07 0.122999 0.000511
1 11 0 0 -2.25546e-06 3.6134e-06 0.123 0.000511
1 11 0 0 9.2749e-08 1.93333e-06 0.122999 0.000511
1 11 0 0 -7.66096e-06 5.89757e-07 0.122998 0.000511
1 11 0 0 2.53227e-06 -1.99125e-06 0.122999 0.000511
1 11 0 0 1.15619e-06 5.35002e-06 0.122998 0.000511
1 11 0 0 -2.75391e-06 -9.36445e-07 0.122999 0.000511
1 11 0 0 -3.12868e-06 1.01324e-06 0.122999 0.000511
1 11 0 0 -2.05801e-06 -3.89216e-06 0.122999 0.000511
1 11 0 0 9.94305e-07 1.98168e-07 0.122999 0.000511
1 11 0 0 8.87136e-07 -9.28321e-07 0.123 0.000511
1 11 0 0 -3.55791e-06 1.24034e-06 0.122999 0.000511
1 11 0 0 3.92486e-06 -3.88404e-06 0.122999 0.000511
1 11 0 0 4.78217e-06 -8.09601e-07 0.122998 0.000511
1 11 0 0 -3.29449e-06 -2.98122e-06 0.123 0.000511
1 11 0 0 3.95023e-06 1.47139e-07 0.122999 0.000511
1 11 0 0 8.15466e-07 -6.32255e-07 0.123 0.000511
1 11 0 0 4.25719e-06 -4.2068e-06 0.122999 0.000511
1 11 0 0 -6.32028e-06 1.82172e-06 0.122999 0.000511
1 11 0 0 -4.63732e-06 5.44694e-06 0.122999 0.000511
1 11 0 0 3.39413e-06 3.71787e-06 0.122998 0.000511
1 11 0 0 3.78494e-06 4.19181e-06 0.123 0.000511
1 11 0 0 -8.78638e-06 -4.22485e-06 0.123 0.000511
1 11 0 0 -4.92867e-06 -4.04724e-06 0.122999 0.000511
1 11 0 0 6.85239e-06 3.57148e-06 0.122998 0.000511
1 11 0 0 3.79931e-06 2.89884e-07 0.122999 0.000511
1 11 0 0 6.52651e-07 3.88117e-07 0.122999 0.000511
1 11 0 0 -7.15348e-06 2.11639e-06 0.122999 0.000511
1 11 0 0 1.26583e-06 3.57682e-06 0.123 0.000511
1 11 0 0 -3.21816e-06 -2.74808e-06 0.123 0.000511
1 11 0 0 4.25027e-06 3.83743e-06 0.122999 0.000511
1 11 0 0 1.57772e-07 -8.18403e-07 0.122999 0.000511
1 11 0 0 3.76067e-06 4.12855e-06 0.122999 0.000511
1 11 0 0 2.71742e-06 5.12713e-06 0.122999 0.000511
1 11 0 0 -3.11268e-06 -1.3458e-06 0.122999 0.000511
1 11 0 0 6.34382e-06 3.98968e-06 0.123 0.000511
1 11 0 0 1.33169e-06 -9.41765e-07 0.122999 0.000511
1 11 0 0 4.17044e-06 2.56374e-06 0.122999 0.000511
1 11 0 0 1.52724e-06 2.91891e-06 0.122999 0.000511
1 11 0 0 -3.68054e-06 -1.95951e-06 0.122999 0.000511
1 11 0 0 -2.35333e-06 2.0628e-06 0.122999 0.000511
1 11 0 0 2.64309e-06 2.42439e-06 0.122999 0.000511
1 11 0 0 8.15273e-07 -5.51718e-06 0.123 0.000511
1 11 0 0 1.92803e-06 2.2858e-07 0.123 0.000511
1 11 0 0 1.16833e-06 -3.23611e-06 0.122999 0.000511
1 11 0 0 3.59107e-06 -3.91816e-06 0.122999 0.000511
1 11 0 0 -4.28323e-07 8.64431e-07 0.123 0.000511
1 11 0 0 -5.2326e-06 2.09429e-06 0.123 0.000511
1 11 0 0 2.71698e-06 1.40608e-06 0.122998 0.000511
1 11 0 0 -6.85956e-06 1.05559e-06 0.122999 0.000511
1 11 0 0 -1.05116e-06 -5.85914e-06 0.122998 0.000511
1 11 0 0 -5.63895e-06 6.91806e-07 0.123 0.000511
1 11 0 0 -2.18911e-06 2.56404e-07 0.123 0.000511
1 11 0 0 2.38604e-06 5.06922e-07 0.122999 0.000511
1 11 0 0 5.55906e-06 1.42986e-08 0.122998 0.000511
1 11 0 0 -1.2898e-06 -2.37536e-06 0.123 0.000511
1 11 0 0 -3.50817e-06 -4.93381e-06 0.123 0.000511
1 11 0 0 -4.66388e-06 2.85611e-06 0.122999 0.000511
1 11 0 0 -2.0712e-06 -1.50729e-07 0.122999 0.000511
1 11 0 0 -2.46769e-06 -4.80298e-06 0.122999 0.000511
1 11 0 0 -4.50925e-08 9.74974e-07 0.123 0.000511
1 11 0 0 1.21243e-06 1.85164e-06 0.123 0.000511
1 11 0 0 -1.99737e-07 1.39592e-06 0.122999 0.000511
1 11 0 0 3.97125e-06 3.15418e-06 0.122998 0.000511
1 11 0 0 3.39981e-06 1.58065e-06 0.122999 0.000511
1 11 0 0 -1.69078e-07 7.09518e-06 0.122999 0.000511
1 11 0 0 1.30725e-06 -4.90093e-06 0.123 0.000511
1 11 0 0 -3.50443e-06 1.23417e-07 0.123 0.000511
1 11 0 0 1.54912e-06 -7.02719e-07 0.122999 0.000511
1 11 0 0 6.43037e-06 2.67535e-06 0.122998 0.000511
1 11 0 0 -8.98187e-07 6.41736e-06 0.123 0.000511
1 11 0 0 -6.01025e-06 -1.56161e-06 0.122998 0.000511
1 11 0 0 1.88659e-06 2.19058e-06 0.123 0.000511
1 11 0 0 -1.3688e-06 2.59568e-06 0.122999 0.000511
1 11 0 0 -2.06562e-06 2.35388e-06 0.122999 0.000511
1 11 0 0 5.44723e-06 1.56364e-06 0.122998 0.000511
1 11 0 0 8.72116e-06 2.19637e-06 0.122998 0.000511
1 11 0 0 -1.32572e-06 2.19291e-06 0.123 0.000511
1 11 0 0 2.6456e-06 -8.19029e-07 0.123 0.000511
1 11 0 0 -5.54439e-06 2.05592e-06 0.123 0.000511
1 11 0 0 -5.42126e-06 -2.41523e-06 0.122999 0.000511
1 11 0 0 2.80315e-06 2.99324e-06 0.122999 0.000511
1 11 0 0 -2.16368e-07 -1.32162e-06 0.123 0.000511
1 11 0 0 -9.94416e-07 -1.36631e-06 0.122999 0.000511
1 11 0 0 6.01815e-08 2.99246e-07 0.122998 0.000511
1 11 0 0 -8.16794e-07 -1.24171e-07 0.122999 0.000511
1 11 0 0 -2.72664e-06 1.57102e-06 0.122999 0.000511
1 11 0 0 2.59562e-06 2.78938e-06 0.122999 0.000511
1 11 0 0 -2.0258e-06 2.78207e-06 0.122999 0.000511
1 11 0 0 9.93698e-06 1.60323e-06 0.123 0.000511
1 11 0 0 6.31696e-06 -1.85409e-06 0.122999 0.000511
1 11 0 0 4.39417e-06 2.01881e-06 0.122999 0.000511
1 11 0 0 -1.60243e-07 2.93454e-06 0.122999 0.000511
1 11 0 0 -1.06469e-05 7.94053e-07 0.122999 0.000511
1 11 0 0 4.57922e-06 -1.26786e-06 0.123 0.000511
1 11 0 0 4.06774e-07 -3.77032e-06 0.123 0.000511
1 11 0 0 -3.25075e-06 -4.62818e-06 0.122999 0.000511
1 11 0 0 -2.13122e-06 5.36191e-07 0.122998 0.000511
1 11 0 0 -1.37192e-06 -6.33476e-06 0.123 0.000511
1 11 0 0 1.99361e-06 -2.53653e-06 0.122998 0.000511
1 11 0 0 -8.65064e-07 6.43577e-06 0.122999 0.000511
1 11 0 0 5.91871e-06 2.29248e-06 0.123 0.000511
1 11 0 0 -4.54232e-06 -2.29695e-06 0.123 0.000511
1 11 0 0 -1.48458e-06 1.4387e-06 0.122999 0.000511
1 11 0 0 -3.0073e-07 -1.91131e-07 0.122999 0.000511
1 11 0 0 -2.0425e-06 2.32837e-06 0.123 0.000511
1 11 0 0 1.44158e-06 1.49477e-06 0.122999 0.000511
1 11 0 0 2.58357e-06 2.91199e-06 0.122999 0.000511
1 11 0 0 -6.23509e-06 -4.3816e-06 0.122999 0.000511
1 11 0 0 4.06683e-06 -1.24017e-06 0.122999 0.000511
1 11 0 0 -6.19062e-06 4.85331e-06 0.122999 0.000511
1 11 0 0 -2.31819e-06 -9.27173e-07 0.122999 0.000511
1 11 0 0 2.82407e-06 -6.84794e-07 0.123 0.000511
1 11 0 0 -6.39798e-06 1.0131e-06 0.122999 0.000511
1 11 0 0 -6.97432e-06 -6.70115e-06 0.122998 0.000511
1 11 0 0 -3.09426e-06 2.08939e-06 0.122998 0.000511
1 11 0 0 4.18403e-06 1.94016e-06 0.122999 0.000511
1 11 0 0 2.75725e-06 3.15987e-06 0.122999 0.000511
1 11 0 0 4.68262e-06 -8.91687e-07 0.122999 0.000511
1 11 0 0 -7.3522e-06 -5.15841e-06 0.123 0.000511
1 11 0 0 -4.90917e-06 1.02534e-07 0.122999 0.000511
1 11 0 0 3.63939e-06 2.94526e-06 0.122998 0.000511
1 11 0 0 4.65155e-06 -2.8288e-06 0.122999 0.000511
1 11 0 0 1.00088e-06 -8.52596e-06 0.123 0.000511
1 11 0 0 -2.77917e-06 -7.72807e-07 0.123001 0.000511
1 11 0 0 5.12469e-06 -3.02121e-06 0.122999 0.000511
1 11 0 0 -4.07704e-06 4.23766e-07 0.122999 0.000511
1 11 0 0 -2.45045e-06 1.29129e-06 0.122998 0.000511
1 11 0 0 -2.26714e-06 5.54091e-06 0.122999 0.000511
1 11 0 0 1.54635e-06 -9.35737e-07 0.122999 0.000511
1 11 0 0 -4.44252e-07 -1.12077e-07 0.122998 0.000511
1 11 0 0 -1.32146e-06 4.60483e-06 0.122999 0.000511
1 11 0 0 7.87542e-06 1.8045e-06 0.122999 0.000511
1 11 0 0 -2.32659e-06 2.38527e-06 0.122999 0.000511
1 11 0 0 -1.16296e-06 4.29629e-06 0.122999 0.000511
1 11 0 0 8.18629e-06 -4.31975e-06 0.122998 0.000511
1 11 0 0 -3.5107e-06 2.36901e-06 0.123 0.000511
1 11 0 0 -5.40388e-07 2.91713e-06 0.122999 0.000511
1 11 0 0 3.98046e-06 -1.25508e-07 0.122999 0.000511
1 11 0 0 -1.23958e-06 1.15815e-06 0.122999 0.000511
1 11 0 0 4.50203e-06 -1.72854e-06 0.123 0.000511
1 11 0 0 -2.9127e-06 3.78049e-06 0.122998 0.000511
1 11 0 0 -5.49433e-06 1.83001e-07 0.122998 0.000511
1 11 0 0 2.05026e-06 -3.39866e-06 0.122999 0.000511
1 11 0 0 5.08151e-06 -1.44539e-06 0.122999 0.000511
1 11 0 0 2.25815e-06 -2.05567e-06 0.122999 0.000511
1 11 0 0 7.22258e-06 -1.10864e-06 0.122999 0.000511
1 11 0 0 5.48202e-06 -2.34729e-06 0.122999 0.000511
1 11 0 0 1.41737e-06 -4.22266e-06 0.122999 0.000511
1 11 0 0 1.67097e-06 6.52546e-07 0.122999 0.000511
1 11 0 0 6.99271e-07 -2.06172e-06 0.122999 0.000511
1 11 0 0 -1.51682e-06 -2.49436e-06 0.123 0.000511
1 11 0 0 -2.76867e-06 -1.63693e-06 0.123 0.000511
1 11 0 0 9.26404e-07 9.16742e-07 0.122997 0.000511
1 11 0 0 6.1653e-06 -1.61373e-06 0.122998 0.000511
1 11 0 0 3.00229e-06 1.93243e-07 0.122999 0.000511
1 11 0 0 -4.53253e-06 1.52608e-07 0.122999 0.000511
1 11 0 0 1.09635e-06 3.23697e-06 0.122998 0.000511
1 11 0 0 5.17667e-07 -5.789e-06 0.122999 0.000511
1 11 0 0 -5.48089e-06 -2.88781e-08 0.123 0.000511
1 11 0 0 -2.22456e-06 -2.50811e-06 0.122998 0.000511
1 11 0 0 -8.2297e-06 -2.54523e-06 0.122999 0.000511
1 11 0 0 4.73447e-06 -1.42391e-06 0.122998 0.000511
1 11 0 0 -5.81476e-06 -5.0096e-06 0.122999 0.000511
1 11 0 0 -6.26213e-06 5.54101e-08 0.122999 0.000511
1 11 0 0 1.90374e-06 -2.0909e-06 0.122999 0.000511
1 11 0 0 -1.51782e-06 -4.18141e-06 0.122999 0.000511
1 11 0 0 -2.31733e-07 3.11942e-06 0.122998 0.000511
1 11 0 0 -2.04528e-06 -1.42433e-06 0.123001 0.000511
1 11 0 0 6.00246e-06 -6.04591e-06 0.123 0.000511
1 11 0 0 -4.05418e-06 -1.40718e-06 0.123 0.000511
1 11 0 0 9.09111e-07 2.09266e-06 0.122999 0.000511
1 11 0 0 -5.09146e-06 -5.50475e-06 0.123 0.000511
1 11 0 0 -5.90904e-06 2.77442e-08 0.122999 0.000511
1 11 0 0 -7.02684e-06 8.30122e-07 0.123 0.000511
1 11 0 0 -3.10941e-06 -6.57977e-06 0.122999 0.000511
1 11 0 0 4.44277e-06 1.43656e-06 0.122999 0.000511
1 11 0 0 5.53876e-06 -2.56349e-06 0.122999 0.000511
1 11 0 0 -4.19208e-07 3.52627e-06 0.122999 0.000511
1 11 0 0 -4.53319e-06 9.7595e-07 0.122998 0.000511
1 11 0 0 -5.93292e-06 4.00329e-06 0.123001 0.000511
1 11 0 0 -2.78971e-06 3.4875e-07 0.122999 0.000511
1 11 0 0 3.94021e-06 -2.0746e-07 0.122999 0.000511
1 11 0 0 -6.72875e-06 -5.9667e-06 0.122998 0.000511
1 11 0 0 6.63287e-07 5.9119e-06 0.122999 0.000511
1 11 0 0 -4.82e-06 6.11639e-06 0.122999 0.000511
1 11 0 0 -1.69314e-06 3.9214e-06 0.122998 0.000511
1 11 0 0 2.52955e-07 1.01279e-07 0.123 0.000511
1 11 0 0 -2.60862e-06 -8.99172e-07 0.123 0.000511
1 11 0 0 -1.63875e-06 -8.17024e-07 0.122999 0.000511
1 11 0 0 4.10011e-06 -3.70188e-06 0.122999 0.000511
1 11 0 0 -1.23685e-06 3.44629e-06 0.122999 0.000511
1 11 0 0 -1.6853e-06 1.41015e-06 0.122999 0.000511
1 11 0 0 7.28088e-07 1.98864e-06 0.122999 0.000511
1 11 0 0 -6.52691e-06 -1.8514e-07 0.122999 0.000511
1 11 0 0 4.37132e-06 3.64961e-06 0.122999 0.000511
1 11 0 0 -6.57306e-06 8.79775e-07 0.122999 0.000511
1 11 0 0 -2.55294e-07 -1.00993e-06 0.122998 0.000511
1 11 0 0 9.70574e-07 2.64777e-06 0.123 0.000511
1 11 0 0 -7.79814e-06 -1.94403e-07 0.123 0.000511
1 11 0 0 -2.95818e-07 2.49703e-06 0.122998 0.000511
1 11 0 0 5.3972e-06 9.17012e-07 0.123 0.000511
1 11 0 0 -3.94032e-06 8.33879e-07 0.123 0.000511
1 11 0 0 -1.98913e-07 6.32568e-07 0.123 0.000511
1 11 0 0 2.71362e-06 -2.33972e-06 0.122998 0.000511
1 11 0 0 -8.75374e-06 -4.53102e-06 0.122999 0.000511
1 11 0 0 -6.29823e-06 3.3524e-06 0.122999 0.000511
1 11 0 0 -3.7776e-06 -2.74625e-06 0.123 0.000511
1 11 0 0 5.72247e-06 7.625e-07 0.123001 0.000511
1 11 0 0 -4.23169e-06 -5.97484e-07 0.122999 0.000511
1 11 0 0 2.93268e-06 2.47235e-06 0.123001 0.000511
1 11 0 0 2.95715e-06 1.16483e-06 0.123 0.000511
1 11 0 0 -7.27498e-08 -1.97423e-07 0.122998 0.000511
1 11 0 0 -2.6545e-06 -2.6637e-06 0.122999 0.000511
1 11 0 0 -1.04592e-05 2.17069e-06 0.122999 0.000511
1 11 0 0 -3.41181e-06 6.08819e-07 0.122999 0.000511
1 11 0 0 -3.59237e-07 1.3109e-06 0.122998 0.000511
1 11 0 0 2.87498e-06 -8.95394e-07 0.123 0.000511
1 11 0 0 -2.91653e-06 9.19816e-07 0.122999 0.000511
1 11 0 0 -2.11378e-06 5.1437e-08 0.122999 0.000511
1 11 0 0 -5.35732e-06 2.70948e-06 0.122999 0.000511
1 11 0 0 1.51635e-06 1.26294e-06 0.122999 0.000511
1 11 0 0 4.33943e-06 -1.5774e-07 0.122999 0.000511
1 11 0 0 -4.0964e-06 3.42349e-06 0.122999 0.000511
1 11 0 0 -1.85e-06 -4.25421e-06 0.122999 0.000511
1 11 0 0 -1.37094e-06 -4.44148e-06 0.122998 0.000511
1 11 0 0 3.70963e-06 -7.37422e-06 0.123 0.000511
1 11 0 0 -4.61168e-06 4.17859e-07 0.123 0.000511
1 11 0 0 -5.33794e-07 -5.88289e-07 0.122999 0.000511
1 11 0 0 2.88547e-06 1.36186e-06 0.122999 0.000511
1 11 0 0 -3.34193e-07 1.57224e-06 0.122999 0.000511
1 11 0 0 1.97419e-06 3.14001e-06 0.123 0.000511
1 11 0 0 6.28698e-06 -1.94553e-07 0.122999 0.000511
1 11 0 0 4.67989e-06 -1.48552e-06 0.122999 0.000511
1 11 0 0 -1.55913e-06 -3.41792e-06 0.122999 0.000511
1 11 0 0 5.15589e-06 -5.06284e-06 0.122999 0.000511
1 11 0 0 -1.24542e-08 -1.24264e-06 0.123 0.000511
1 11 0 0 3.98387e-06 9.49977e-07 0.123 0.000511
1 11 0 0 1.37098e-06 2.32949e-06 0.122998 0.000511
1 11 0 0 -7.84058e-06 -2.20497e-06 0.122998 0.000511
1 11 0 0 -4.00466e-06 5.06677e-06 0.123 0.000511
1 11 0 0 6.53742e-06 -1.87934e-06 0.122999 0.000511
1 11 0 0 -2.26982e-06 -1.5516e-06 0.122999 0.000511
1 11 0 0 -5.41882e-06 3.73726e-06 0.122998 0.000511
1 11 0 0 -5.64311e-06 1.84886e-06 0.122998 0.000511
1 11 0 0 -5.8678e-06 1.73638e-06 0.122999 0.000511
1 11 0 0 7.38275e-06 2.96566e-06 0.123001 0.000511
1 11 0 0 -1.57596e-06 -2.31883e-06 0.122999 0.000511
1 11 0 0 4.50461e-06 -3.51208e-06 0.123 0.000511
1 11 0 0 2.0046e-06 -5.76188e-06 0.122999 0.000511
1 11 0 0 5.67433e-07 3.54254e-07 0.123 0.000511
1 11 0 0 -1.96045e-07 4.53811e-06 0.122999 0.000511
1 11 0 0 2.77946e-06 -1.17588e-06 0.122999 0.000511
1 11 0 0 -6.43907e-06 -7.94248e-06 0.122999 0.000511
1 11 0 0 -2.29163e-06 2.3303e-06 0.122999 0.000511
1 11 0 0 -2.64255e-06 2.3583e-06 0.122999 0.000511
1 11 0 0 -6.31086e-08 -5.59668e-06 0.123 0.000511
1 11 0 0 3.71427e-07 3.64748e-07 0.123 0.000511
1 11 0 0 -3.81961e-07 1.76707e-07 0.122999 0.000511
1 11 0 0 6.18301e-06 2.7913e-06 0.122999 0.000511
1 11 0 0 -5.77523e-06 -1.90176e-06 0.122998 0.000511
1 11 0 0 1.35279e-06 1.40179e-06 0.122999 0.000511
1 11 0 0 2.28637e-07 3.3927e-06 0.122999 0.000511
1 11 0 0 3.62613e-06 -1.50044e-07 0.123 0.000511
1 11 0 0 -5.75302e-06 -3.46052e-06 0.122998 0.000511
1 11 0 0 -7.70685e-07 -2.12771e-06 0.122998 0.000511
1 11 0 0 9.49169e-06 -2.48892e-06 0.123 0.000511
1 11 0 0 3.37473e-07 -2.0325e-06 0.122999 0.000511
1 11 0 0 -4.25505e-07 -5.31815e-06 0.122999 0.000511
1 11 0 0 1.35962e-06 -2.13364e-06 0.122999 0.000511
1 11 0 0 -7.92135e-07 -6.03172e-06 0.122999 0.000511
1 11 0 0 -2.66149e-07 -2.98787e-06 0.122998 0.000511
1 11 0 0 -8.78147e-07 -2.77817e-06 0.122999 0.000511
1 11 0 0 -5.11918e-06 1.53872e-06 0.122998 0.000511
1 11 0 0 -1.26619e-05 4.03233e-06 0.123 0.000511
1 11 0 0 -5.06389e-08 1.98513e-06 0.123 0.000511
1 11 0 0 1.86177e-06 3.0143e-06 0.123 0.000511
1 11 0 0 3.0799e-06 4.47335e-06 0.122999 0.000511
1 11 0 0 2.91609e-07 3.54468e-06 0.122999 0.000511
1 11 0 0 3.45255e-07 7.91796e-07 0.123 0.000511
1 11 0 0 6.37282e-06 2.16038e-06 0.122998 0.000511
1 11 0 0 1.11452e-06 1.86409e-06 0.122999 0.000511
1 11 0 0 -4.87523e-06 3.64863e-06 0.122998 0.000511
1 11 0 0 -1.70142e-06 -1.59761e-06 0.122998 0.000511
1 11 0 0 4.67428e-06 1.49495e-06 0.122999 0.000511
1 11 0 0 -3.56e-06 -1.48686e-06 0.122999 0.000511
1 11 0 0 -6.21384e-06 4.19667e-06 0.123 0.000511
1 11 0 0 -7.34696e-06 3.38742e-07 0.122999 0.000511
1 11 0 0 5.16612e-06 -1.12466e-06 0.122999 0.000511
1 11 0 0 6.24631e-07 -3.47424e-06 0.122999 0.000511
1 11 0 0 -4.81815e-07 -4.90635e-06 0.122999 0.000511
1 11 0 0 9.12591e-07 -5.15278e-06 0.122999 0.000511
1 11 0 0 -2.04122e-06 1.34845e-06 0.122999 0.000511
1 11 0 0 1.62786e-06 9.54484e-07 0.122998 0.000511
1 11 0 0 4.40606e-06 -1.50092e-06 0.123 0.000511
1 11 0 0 5.22712e-07 -1.15111e-06 0.122999 0.000511
1 11 0 0 -4.02569e-06 -2.9038e-07 0.122999 0.000511
1 11 0 0 -5.1424e-07 -5.34596e-07 0.123 0.000511
1 11 0 0 -2.07743e-06 -4.78469e-06 0.122999 0.000511
1 11 0 0 -4.7229e-06 -6.68011e-06 0.122999 0.000511
1 11 0 0 2.04461e-06 2.44313e-06 0.122999 0.000511
1 11 0 0 -2.4549e-06 -3.38311e-06 0.122999 0.000511
1 11 0 0 2.80739e-06 1.83518e-06 0.122999 0.000511
1 11 0 0 -2.49844e-07 6.07432e-06 0.122999 0.000511
1 11 0 0 -1.90625e-06 -4.87937e-06 0.122999 0.000511
1 11 0 0 -1.49121e-06 -1.9102e-06 0.122999 0.000511
1 11 0 0 -4.41727e-06 -4.06856e-06 0.122999 0.000511
1 11 0 0 -3.62312e-07 1.73019e-07 0.122999 0.000511
1 11 0 0 1.61964e-06 -3.28234e-06 0.122999 0.000511
1 11 0 0 4.62178e-06 -3.05025e-06 0.122999 0.000511
1 11 0 0 -3.12056e-06 5.27964e-07 0.123 0.000511
1 11 0 0 2.60006e-06 -2.43348e-06 0.123 0.000511
1 11 0 0 5.39498e-06 -7.31406e-06 0.122998 0.000511
1 11 0 0 3.99761e-06 5.47017e-06 0.122999 0.000511
1 11 0 0 -4.04394e-07 -4.66659e-06 0.122999 0.000511
1 11 0 0 -1.25086e-05 2.00419e-06 0.123 0.000511
1 11 0 0 9.11619e-07 -1.53632e-06 0.122999 0.000511
1 11 0 0 5.07095e-06 2.5538e-06 0.122999 0.000511
1 11 0 0 -8.32444e-06 2.97243e-06 0.122999 0.000511
1 11 0 0 -9.52407e-07 2.5317e-06 0.122999 0.000511
1 11 0 0 3.80848e-06 1.51432e-08 0.122999 0.000511
1 11 0 0 5.78473e-06 -1.11938e-06 0.122999 0.000511
1 11 0 0 -6.38432e-06 -4.34882e-07 0.122999 0.000511
1 11 0 0 -1.58028e-06 -2.4485e-07 0.123 0.000511
1 11 0 0 -3.86403e-06 -1.32801e-07 0.122999 0.000511
1 11 0 0 1.80875e-06 1.58318e-06 0.123001 0.000511
1 11 0 0 -1.80822e-06 3.21044e-06 0.122999 0.000511
1 11 0 0 -3.7109e-06 7.16341e-06 0.122999 0.000511
1 11 0 0 -8.2867e-07 5.91357e-06 0.122999 0.000511
1 11 0 0 1.00673e-05 1.72887e-06 0.122999 0.000511
1 11 0 0 2.18072e-06 1.7119e-06 0.122999 0.000511
1 11 0 0 -6.40804e-06 -7.27491e-07 0.123 0.000511
1 11 0 0 -3.65322e-06 -5.05349e-08 0.122999 0.000511
1 11 0 0 -1.12624e-06 2.55976e-06 0.122999 0.000511
1 11 0 0 -2.36105e-07 9.38903e-07 0.122999 0.000511
1 11 0 0 -6.7086e-06 -7.04125e-08 0.122999 0.000511
1 11 0 0 4.31496e-06 -1.71318e-07 0.122999 0.000511
1 11 0 0 2.13613e-06 6.40701e-07 0.123001 0.000511
1 11 0 0 -1.19547e-06 -4.09122e-08 0.123 0.000511
1 11 0 0 -1.97764e-06 -3.62802e-06 0.122998 0.000511
1 11 0 0 1.13905e-06 -5.55999e-07 0.122999 0.000511
1 11 0 0 3.98539e-06 -9.21825e-07 0.123 0.000511
1 11 0 0 -1.15168e-06 -4.13458e-06 0.122999 0.000511
1 11 0 0 -1.53728e-06 6.75609e-06 0.123 0.000511
1 11 0 0 -3.03274e-06 4.77034e-06 0.123 0.000511
1 11 0 0 -1.73731e-06 2.02315e-06 0.123 0.000511
1 11 0 0 -3.64748e-06 -7.79201e-06 0.122999 0.000511
1 11 0 0 -2.50509e-06 -4.90679e-06 0.122999 0.000511
1 11 0 0 5.64518e-06 -4.88574e-06 0.122999 0.000511
1 11 0 0 -1.35378e-06 1.57868e-06 0.122999 0.000511
1 11 0 0 3.38847e-06 -5.78829e-06 0.122999 0.000511
1 11 0 0 -7.86389e-06 -4.56644e-08 0.122999 0.000511
1 11 0 0 4.8096e-06 -3.53523e-06 0.123 0.000511
1 11 0 0 4.94911e-06 2.10041e-07 0.122999 0.000511
1 11 0 0 -6.18364e-06 1.62077e-06 0.122999 0.000511
1 11 0 0 -8.79024e-07 4.82912e-07 0.122999 0.000511
1 11 0 0 4.4288e-06 3.64758e-06 0.122998 0.000511
1 11 0 0 6.85802e-07 -5.74238e-07 0.122999 0.000511
1 11 0 0 3.2989e-06 -4.38746e-07 0.122999 0.000511
1 11 0 0 4.46747e-06 9.59372e-07 0.123 0.000511
1 11 0 0 -2.17353e-06 -4.4603e-06 0.122998 0.000511
1 11 0 0 3.98492e-06 -3.39254e-07 0.122999 0.000511
1 11 0 0 3.22069e-06 3.39907e-06 0.122999 0.000511
1 11 0 0 -2.33725e-06 5.53136e-07 0.122999 0.000511
1 11 0 0 2.28769e-06 1.12928e-06 0.123 0.000511
1 11 0 0 -2.44102e-06 -1.97324e-06 0.122999 0.000511
1 11 0 0 1.81774e-06 -2.65966e-06 0.122999 0.000511
1 11 0 0 -4.46228e-07 1.76012e-06 0.123 0.000511
1 11 0 0 6.97529e-07 3.45588e-07 0.122998 0.000511
1 11 0 0 -3.95592e-06 -1.61644e-06 0.123001 0.000511
1 11 0 0 7.76639e-06 -3.32695e-07 0.123 0.000511
1 11 0 0 4.53254e-07 -3.32129e-06 0.122999 0.000511
1 11 0 0 8.40862e-06 -5.14982e-06 0.122999 0.000511
1 11 0 0 4.48964e-06 -4.1192e-06 0.122999 0.000511
1 11 0 0 -4.68756e-06 7.42621e-07 0.123 0.000511
1 11 0 0 1.5729e-06 -1.39323e-06 0.122998 0.000511
1 11 0 0 -2.25261e-06 1.38111e-06 0.122999 0.000511
1 11 0 0 3.71088e-06 -8.35851e-07 0.122999 0.000511
1 11 0 0 3.11112e-06 6.37586e-06 0.122999 0.000511
1 11 0 0 9.24803e-07 5.41954e-06 0.122999 0.000511
1 11 0 0 -1.02679e-05 2.34869e-06 0.122999 0.000511
1 11 0 0 -1.07403e-05 2.58594e-06 0.122999 0.000511
1 11 0 0 -4.72151e-06 4.19857e-06 0.123 0.000511
1 11 0 0 5.49925e-06 2.15814e-06 0.123 0.000511
1 11 0 0 4.05278e-06 -2.0667e-06 0.123 0.000511
1 11 0 0 -1.62731e-06 4.41714e-06 0.123 0.000511
1 11 0 0 -5.47485e-06 8.34406e-07 0.122998 0.000511
1 11 0 0 -2.06116e-06 -1.78971e-06 0.122999 0.000511
1 11 0 0 -3.49265e-07 -6.31428e-07 0.122999 0.000511
1 11 0 0 -5.5832e-06 -6.69176e-06 0.122998 0.000511
1 11 0 0 -2.60449e-06 1.65971e-06 0.122999 0.000511
1 11 0 0 -1.59417e-06 7.26105e-06 0.122999 0.000511
1 11 0 0 4.17403e-06 1.65201e-06 0.122999 0.000511
1 11 0 0 3.50656e-06 -1.90882e-06 0.122999 0.000511
1 11 0 0 3.46575e-06 -4.95703e-06 0.122999 0.000511
1 11 0 0 1.91032e-06 9.12739e-07 0.122999 0.000511
1 11 0 0 -2.21172e-06 4.78442e-06 0.123 0.000511
1 11 0 0 -4.8453e-07 4.37369e-07 0.122999 0.000511
1 11 0 0 -7.68722e-07 -2.67095e-06 0.122998 0.000511
1 11 0 0 2.18149e-07 -1.60184e-06 0.122999 0.000511
1 11 0 0 -6.67173e-07 -2.68406e-06 0.122999 0.000511
1 11 0 0 -3.58114e-06 3.87944e-06 0.122999 0.000511
1 11 0 0 -5.2608e-06 4.66835e-06 0.123 0.000511
1 11 0 0 -3.38204e-07 5.83619e-06 0.122999 0.000511
1 11 0 0 3.86075e-06 1.85037e-07 0.122998 0.000511
1 11 0 0 1.38411e-06 -3.59393e-06 0.122999 0.000511
1 11 0 0 -1.07951e-06 -6.64163e-07 0.122999 0.000511
1 11 0 0 6.81968e-06 2.49025e-06 0.122999 0.000511
1 11 0 0 -2.74745e-07 -1.10117e-06 0.122998 0.000511
1 11 0 0 5.4355e-06 -3.14526e-06 0.122998 0.000511
1 11 0 0 -2.4794e-06 -1.14524e-06 0.123 0.000511
1 11 0 0 5.23251e-06 -5.23051e-07 0.122999 0.000511
1 11 0 0 1.61825e-06 -5.096e-07 0.122999 0.000511
1 11 0 0 -3.84907e-06 3.55607e-06 0.123 0.000511
1 11 0 0 2.06728e-06 1.94585e-06 0.123 0.000511
1 11 0 0 7.45857e-07 4.21892e-06 0.122999 0.000511
1 11 0 0 3.48412e-06 -7.15145e-08 0.122999 0.000511
1 11 0 0 -8.24203e-06 3.64876e-07 0.122999 0.000511
1 11 0 0 8.37421e-06 -2.53209e-06 0.123 0.000511
1 11 0 0 5.48447e-06 5.64331e-06 0.123001 0.000511
1 11 0 0 1.02393e-06 -4.48661e-06 0.122999 0.000511
1 11 0 0 9.69379e-07 -4.05635e-07 0.122999 0.000511
1 11 0 0 3.03007e-06 4.66647e-06 0.122998 0.000511
1 11 0 0 3.12681e-06 -3.48762e-06 0.123 0.000511
1 11 0 0 3.77833e-06 -5.82244e-06 0.122999 0.000511
1 11 0 0 2.14319e-06 2.50066e-06 0.123 0.000511
1 11 0 0 -2.76655e-06 5.88676e-08 0.122999 0.000511
1 11 0 0 -3.33715e-07 -3.4455e-06 0.122998 0.000511
1 11 0 0 5.71818e-07 1.1792e-06 0.123 0.000511
1 11 0 0 -1.13794e-06 -1.09785e-06 0.122999 0.000511
1 11 0 0 1.35173e-06 -3.11085e-07 0.122998 0.000511
1 11 0 0 1.01805e-07 3.70353e-07 0.122999 0.000511
1 11 0 0 1.30166e-06 8.42156e-08 0.122999 0.000511
1 11 0 0 -1.16664e-06 -3.52737e-06 0.122999 0.000511
1 11 0 0 5.26183e-06 -1.84307e-06 0.123 0.000511
1 11 0 0 -7.71361e-06 1.37516e-06 0.122999 0.000511
1 11 0 0 1.00873e-07 -2.95692e-06 0.122999 0.000511
1 11 0 0 1.81818e-06 -3.09293e-07 0.122998 0.000511
1 11 0 0 2.13149e-07 2.15834e-06 0.122999 0.000511
1 11 0 0 8.24688e-06 4.0332e-06 0.122999 0.000511
1 11 0 0 2.58849e-06 -5.25833e-06 0.122999 0.000511
1 11 0 0 -3.5761e-06 3.46336e-06 0.123 0.000511
1 11 0 0 -1.52385e-06 -1.97282e-06 0.123 0.000511
1 11 0 0 3.60154e-06 1.14739e-06 0.122999 0.000511
1 11 0 0 1.96169e-06 8.57172e-08 0.123 0.000511
1 11 0 0 5.45602e-06 3.2627e-06 0.122999 0.000511
1 11 0 0 1.0358e-06 -6.03228e-07 0.122999 0.000511
1 11 0 0 -1.07085e-06 1.76619e-06 0.122999 0.000511
1 11 0 0 6.90103e-06 -1.77302e-06 0.122999 0.000511
1 11 0 0 6.81903e-07 -2.72849e-06 0.122999 0.000511
1 11 0 0 -1.14573e-06 -2.36001e-06 0.122999 0.000511
1 11 0 0 2.11907e-06 -8.91921e-07 0.122999 0.000511
1 11 0 0 1.18908e-06 -2.53139e-06 0.122999 0.000511
1 11 0 0 3.32441e-06 2.09068e-06 0.123 0.000511
1 11 0 0 2.19307e-06 -6.96823e-07 0.122999 0.000511
1 11 0 0 1.4296e-07 1.06325e-06 0.122999 0.000511
1 11 0 0 -2.95811e-06 2.6328e-06 0.122998 0.000511
1 11 0 0 -3.12298e-06 2.19735e-06 0.122999 0.000511
1 11 0 0 3.05023e-06 -4.80867e-06 0.122999 0.000511
1 11 0 0 -5.7424e-06 2.09665e-06 0.122998 0.000511
1 11 0 0 7.95263e-06 1.36604e-06 0.122999 0.000511
1 11 0 0 -1.52765e-06 1.83818e-06 0.123 0.000511
1 11 0 0 3.02025e-06 -3.04606e-06 0.123 0.000511
1 11 0 0 -3.33874e-06 3.41762e-06 0.123 0.000511
1 11 0 0 -9.13784e-07 7.86873e-07 0.123 0.000511
1 11 0 0 -4.38088e-07 2.59393e-06 0.122998 0.000511
1 11 0 0 -3.59388e-06 -7.1885e-06 0.123 0.000511
1 11 0 0 -1.75868e-06 6.04263e-06 0.122999 0.000511
1 11 0 0 -6.07006e-06 2.78125e-06 0.122999 0.000511
1 11 0 0 2.23155e-06 2.35915e-06 0.122999 0.000511
1 11 0 0 2.57537e-07 -3.81901e-07 0.122999 0.000511
1 11 0 0 -1.75628e-06 -3.29663e-06 0.122999 0.000511
1 11 0 0 -3.47395e-06 -2.95976e-06 0.122999 0.000511
1 11 0 0 3.05004e-06 4.93011e-06 0.122998 0.000511
1 11 0 0 -3.02072e-06 -5.29456e-06 0.122999 0.000511
1 11 0 0 3.67863e-07 -2.4983e-06 0.122999 0.000511
1 11 0 0 7.29625e-06 -1.64287e-06 0.122999 0.000511
1 11 0 0 -2.39265e-06 -4.96131e-06 0.122999 0.000511
1 11 0 0 7.01511e-07 1.88734e-07 0.122999 0.000511
1 11 0 0 2.76672e-06 2.72073e-06 0.123 0.000511
1 11 0 0 -9.40838e-07 3.20208e-06 0.123 0.000511
1 11 0 0 7.29438e-06 -1.13851e-06 0.123 0.000511
1 11 0 0 6.72765e-06 3.36898e-06 0.122999 0.000511
1 11 0 0 6.54815e-06 -1.18184e-06 0.122999 0.000511
1 11 0 0 -6.05242e-06 -2.54593e-06 0.122999 0.000511
1 11 0 0 1.65779e-06 -7.59581e-07 0.122999 0.000511
1 11 0 0 -3.25503e-06 -1.71348e-06 0.122999 0.000511
1 11 0 0 7.03703e-06 8.12774e-07 0.122999 0.000511
1 11 0 0 3.52558e-06 -1.66025e-06 0.122999 0.000511
1 11 0 0 -6.84948e-06 4.10462e-07 0.122998 0.000511
1 11 0 0 4.84835e-06 3.21155e-06 0.123 0.000511
1 11 0 0 -8.86513e-06 -6.83769e-06 0.122999 0.000511
1 11 0 0 5.37886e-07 -2.07966e-06 0.122999 0.000511
1 11 0 0 2.17206e-06 1.96886e-06 0.123 0.000511
1 11 0 0 -9.77061e-07 3.01519e-06 0.122999 0.000511
1 11 0 0 -8.80219e-07 -1.79188e-06 0.122999 0.000511
1 11 0 0 -2.97697e-06 -3.10399e-06 0.122999 0.000511
1 11 0 0 -1.96246e-06 -5.56038e-06 0.122998 0.000511
1 11 0 0 3.77089e-06 2.44753e-08 0.122998 0.000511
1 11 0 0 2.66476e-06 -3.11616e-07 0.122999 0.000511
1 11 0 0 -2.42152e-06 1.20973e-07 0.122999 0.000511
1 11 0 0 2.63356e-06 -4.16334e-07 0.123001 0.000511
1 11 0 0 5.14925e-06 1.82526e-08 0.122998 0.000511
1 11 0 0 9.54943e-06 -2.8104e-06 0.122999 0.000511
1 11 0 0 -2.99275e-06 -1.4353e-06 0.122998 0.000511
1 11 0 0 1.0713e-05 1.92993e-06 0.122999 0.000511
1 11 0 0 -6.98288e-06 8.81133e-07 0.122999 0.000511
1 11 0 0 -1.9688e-07 -2.18863e-06 0.123 0.000511
1 11 0 0 -9.00949e-06 -1.77251e-06 0.122999 0.000511
1 11 0 0 -1.00292e-05 3.11962e-06 0.122999 0.000511
1 11 0 0 4.35971e-06 1.59959e-06 0.123 0.000511
1 11 0 0 -4.20189e-06 -2.06777e-06 0.123 0.000511
1 11 0 0 3.50598e-06 -1.53046e-06 0.122999 0.000511
1 11 0 0 -6.40668e-06 -1.18792e-06 0.123 0.000511
1 11 0 0 -1.08644e-06 4.30036e-06 0.123 0.000511
1 11 0 0 2.73196e-06 -2.8441e-06 0.122999 0.000511
1 11 0 0 3.06083e-06 3.37581e-06 0.123 0.000511
1 11 0 0 -2.42339e-07 2.02071e-06 0.123 0.000511
1 11 0 0 -4.40425e-06 -5.23848e-06 0.122998 0.000511
1 11 0 0 4.61748e-07 -1.54326e-06 0.122999 0.000511
1 11 0 0 -3.33373e-06 2.26651e-06 0.123 0.000511
1 11 0 0 -2.41126e-06 1.61424e-06 0.122999 0.000511
1 11 0 0 -1.88368e-06 -4.10452e-06 0.123 0.000511
1 11 0 0 -2.61036e-06 -1.81795e-06 0.122999 0.000511
1 11 0 0 2.15614e-06 -1.02839e-06 0.122999 0.000511
1 11 0 0 3.08958e-06 -3.35743e-06 0.122999 0.000511
1 11 0 0 7.43764e-07 2.85263e-07 0.122999 0.000511
1 11 0 0 -5.86802e-07 -4.83618e-06 0.123 0.000511
1 11 0 0 -2.89286e-06 -1.72848e-06 0.123 0.000511
1 11 0 0 -2.37301e-06 3.41647e-07 0.123 0.000511
1 11 0 0 -1.90291e-06 2.08126e-06 0.122998 0.000511
1 11 0 0 1.38895e-06 -2.62061e-06 0.122998 0.000511
1 11 0 0 -3.00711e-06 -3.33887e-06 0.122999 0.000511
1 11 0 0 -2.7441e-06 -3.4078e-06 0.122999 0.000511
1 11 0 0 -3.27226e-06 3.01664e-06 0.122999 0.000511
1 11 0 0 -6.81211e-06 6.51812e-06 0.122999 0.000511
1 11 0 0 1.89636e-06 -1.89957e-06 0.122999 0.000511
1 11 0 0 -6.34949e-07 2.82246e-06 0.123 0.000511
1 11 0 0 4.39445e-06 -4.3083e-06 0.122999 0.000511
1 11 0 0 -1.38307e-06 -1.89208e-06 0.123 0.000511
1 11 0 0 2.58115e-06 -2.79811e-06 0.122999 0.000511
1 11 0 0 4.23473e-06 5.74184e-07 0.122999 0.000511
1 11 0 0 3.6076e-06 1.50844e-06 0.123 0.000511
1 11 0 0 3.90474e-06 2.92102e-06 0.123 0.000511
1 11 0 0 1.21973e-07 3.50998e-06 0.122998 0.000511
1 11 0 0 -4.78572e-06 3.42891e-08 0.123001 0.000511
1 11 0 0 5.02709e-06 -2.17455e-06 0.122999 0.000511
1 11 0 0 1.00268e-07 1.12561e-06 0.123 0.000511
1 11 0 0 -4.2334e-09 5.42121e-06 0.122999 0.000511
1 11 0 0 -1.53732e-06 1.79949e-06 0.123 0.000511
1 11 0 0 -2.08729e-06 2.80921e-06 0.122999 0.000511
1 11 0 0 6.52969e-06 2.0111e-07 0.122998 0.000511
1 11 0 0 -9.35915e-07 1.97883e-06 0.123 0.000511
1 11 0 0 5.96941e-07 1.70037e-07 0.122999 0.000511
1 11 0 0 9.39824e-06 -6.5709e-06 0.122999 0.000511
1 11 0 0 3.42479e-06 2.09912e-06 0.122999 0.000511
1 11 0 0 3.53499e-06 -1.88738e-06 0.123 0.000511
1 11 0 0 -6.31832e-06 -1.15445e-06 0.123 0.000511
1 11 0 0 -1.96348e-07 4.02461e-06 0.122999 0.000511
1 11 0 0 -8.92649e-07 5.14419e-07 0.122999 0.000511
1 11 0 0 -3.42404e-06 -1.10332e-06 0.122998 0.000511
1 11 0 0 5.4429e-06 1.60579e-06 0.122999 0.000511
1 11 0 0 8.36716e-07 2.15819e-06 0.123 0.000511
1 11 0 0 4.13856e-06 -1.44719e-06 0.122999 0.000511
1 11 0 0 -5.68817e-07 2.18423e-06 0.122999 0.000511
1 11 0 0 5.32306e-07 -1.01427e-06 0.123 0.000511
1 11 0 0 6.88931e-06 1.80613e-07 0.122999 0.000511
1 11 0 0 7.77351e-07 8.6876e-07 0.123 0.000511
1 11 0 0 5.18572e-06 -9.66615e-07 0.122999 0.000511
1 11 0 0 -6.96647e-07 -6.5771e-07 0.122999 0.000511
1 11 0 0 -3.42664e-06 -5.12758e-06 0.122998 0.000511
1 11 0 0 -8.37959e-06 -1.96704e-07 0.122999 0.000511
1 11 0 0 6.06813e-06 1.57126e-06 0.122999 0.000511
1 11 0 0 -4.93776e-06 4.28326e-06 0.122999 0.000511
1 11 0 0 -2.32171e-06 2.09529e-07 0.122999 0.000511
1 11 0 0 -2.07915e-06 6.67821e-06 0.122999 0.000511
1 11 0 0 1.33643e-06 -3.85599e-06 0.122999 0.000511
1 11 0 0 -4.62595e-06 -6.31466e-06 0.123 0.000511
1 11 0 0 -1.75687e-07 2.47072e-06 0.122998 0.000511
1 11 0 0 -1.08679e-05 -3.35714e-06 0.122999 0.000511
1 11 0 0 -3.94949e-06 3.45005e-06 0.122999 0.000511
1 11 0 0 5.17083e-06 -7.78148e-06 0.123 0.000511
1 11 0 0 -1.18667e-06 2.38243e-07 0.123 0.000511
1 11 0 0 5.5148e-06 -3.93386e-07 0.122999 0.000511
1 11 0 0 3.70643e-06 3.11832e-07 0.122999 0.000511
1 11 0 0 -3.43311e-06 -1.96618e-06 0.122999 0.000511
1 11 0 0 1.87964e-06 2.97677e-06 0.122999 0.000511
1 11 0 0 -4.97519e-06 6.31671e-06 0.122999 0.000511
1 11 0 0 8.57016e-06 1.2741e-06 0.122999 0.000511
1 11 0 0 -2.10888e-07 -1.98787e-06 0.122999 0.000511
1 11 0 0 -1.08104e-06 -1.66867e-06 0.123 0.000511
1 11 0 0 -4.01976e-06 2.11094e-06 0.122999 0.000511
1 11 0 0 3.93069e-06 -3.4675e-07 0.122999 0.000511
1 11 0 0 8.61182e-07 -3.12457e-06 0.122998 0.000511
1 11 0 0 5.59185e-06 -4.94709e-06 0.122999 0.000511
1 11 0 0 -4.77222e-06 -1.05351e-06 0.122999 0.000511
1 11 0 0 2.97221e-06 -2.74328e-07 0.122999 0.000511
1 11 0 0 -1.06298e-06 7.85926e-07 0.122999 0.000511
1 11 0 0 -5.65654e-07 1.99772e-06 0.123001 0.000511
1 11 0 0 -6.2438e-06 -1.10201e-06 0.123 0.000511
1 11 0 0 9.19595e-07 -4.21427e-07 0.123 0.000511
1 11 0 0 -3.38871e-06 2.66704e-06 0.123 0.000511
1 11 0 0 5.83094e-06 3.18143e-06 0.123 0.000511
1 11 0 0 -3.39163e-06 6.80176e-06 0.122999 0.000511
1 11 0 0 7.24179e-06 -5.7069e-06 0.122999 0.000511
1 11 0 0 1.18478e-06 5.4678e-07 0.122999 0.000511
1 11 0 0 5.90832e-06 -3.35934e-07 0.122999 0.000511
1 11 0 0 -6.89821e-06 -1.56933e-06 0.123 0.000511
1 11 0 0 2.44359e-06 -4.56295e-07 0.122999 0.000511
1 11 0 0 -7.80627e-07 -1.86348e-06 0.123 0.000511
1 11 0 0 -1.74989e-06 -3.27596e-06 0.122999 0.000511
1 11 0 0 7.47207e-06 5.16562e-06 0.122999 0.000511
1 11 0 0 5.53658e-07 1.63653e-06 0.122999 0.000511
1 11 0 0 -1.62402e-06 -7.80012e-07 0.123 0.000511
1 11 0 0 1.25357e-06 9.36223e-07 0.123 0.000511
1 11 0 0 3.33478e-06 -1.07173e-07 0.122998 0.000511
1 11 0 0 1.64634e-06 -1.65367e-06 0.122999 0.000511
1 11 0 0 4.09394e-06 4.81068e-07 0.123 0.000511
1 11 0 0 5.29905e-06 4.19353e-07 0.122999 0.000511
1 11 0 0 3.46696e-06 5.06594e-06 0.122999 0.000511
1 11 0 0 2.2969e-06 2.33271e-06 0.123 0.000511
1 11 0 0 -1.9274e-06 3.30896e-06 0.122999 0.000511
1 11 0 0 1.03972e-06 4.71711e-06 0.123 0.000511
1 11 0 0 3.22514e-06 1.17713e-06 0.122998 0.000511
1 11 0 0 -8.20467e-06 -4.66244e-06 0.123 0.000511
1 11 0 0 -6.86345e-06 -1.50569e-06 0.122999 0.000511
1 11 0 0 -6.54295e-06 -1.62242e-06 0.122998 0.000511
1 11 0 0 1.98816e-06 5.94885e-07 0.122998 0.000511
1 11 0 0 -2.02937e-06 -6.64623e-06 0.123 0.000511
1 11 0 0 2.10763e-06 3.37613e-06 0.123 0.000511
1 11 0 0 -5.32325e-06 -1.49118e-06 0.122999 0.000511
1 11 0 0 -7.34485e-06 1.46756e-07 0.122999 0.000511
1 11 0 0 4.01466e-06 4.09413e-07 0.122999 0.000511
1 11 0 0 -6.19475e-06 3.99337e-07 0.122999 0.000511
1 11 0 0 -1.11528e-06 -3.26805e-06 0.122998 0.000511
1 11 0 0 -1.02321e-05 -2.62487e-06 0.122999 0.000511
1 11 0 0 4.57807e-06 1.27843e-06 0.122999 0.000511
1 11 0 0 3.08588e-07 -6.86454e-06 0.122999 0.000511
1 11 0 0 5.15917e-07 -2.71297e-06 0.122998 0.000511
1 11 0 0 7.20211e-08 4.74014e-08 0.122998 0.000511
1 11 0 0 5.61689e-06 4.41084e-06 0.123 0.000511
1 11 0 0 1.01067e-06 1.1072e-06 0.122999 0.000511
1 11 0 0 -4.43064e-06 -1.44808e-06 0.122999 0.000511
1 11 0 0 -6.87605e-08 3.20099e-06 0.122999 0.000511
1 11 0 0 -3.09504e-06 9.42911e-07 0.122999 0.000511
1 11 0 0 -1.75206e-06 4.19064e-06 0.122999 0.000511
1 11 0 0 7.10462e-07 6.44405e-07 0.122998 0.000511
1 11 0 0 2.38291e-06 9.84523e-08 0.123 0.000511
1 11 0 0 5.05488e-06 -2.85993e-06 0.123 0.000511
1 11 0 0 -4.22125e-07 1.88204e-06 0.122999 0.000511
1 11 0 0 -4.97005e-06 8.55102e-07 0.123 0.000511
1 11 0 0 1.30679e-08 -4.10628e-06 0.123 0.000511
1 11 0 0 8.83846e-06 2.25985e-06 0.122999 0.000511
1 11 0 0 -1.73983e-06 1.48395e-06 0.123 0.000511
1 11 0 0 -3.84483e-06 1.6497e-06 0.123 0.000511
1 11 0 0 -3.05841e-06 3.57195e-06 0.122999 0.000511
1 11 0 0 -4.38997e-06 1.5466e-06 0.122999 0.000511
1 11 0 0 -2.22459e-06 6.48492e-07 0.123 0.000511
1 11 0 0 -1.10966e-06 7.00243e-06 0.122998 0.000511
1 11 0 0 -3.2571e-06 -2.67095e-08 0.123 0.000511
1 11 0 0 9.47149e-07 9.96406e-07 0.122999 0.000511
1 11 0 0 8.87373e-07 5.5598e-06 0.122999 0.000511
1 11 0 0 -2.53706e-06 -7.279e-07 0.122998 0.000511
1 11 0 0 5.62478e-06 -4.49865e-06 0.122998 0.000511
1 11 0 0 -2.46641e-06 1.70159e-06 0.122999 0.000511
1 11 0 0 8.2105e-06 7.37851e-07 0.122999 0.000511
1 11 0 0 7.33529e-06 2.35315e-06 0.122999 0.000511
1 11 0 0 2.97795e-06 -3.05305e-06 0.122998 0.000511
1 11 0 0 -3.16783e-06 1.78184e-06 0.122999 0.000511
1 11 0 0 -7.94974e-07 -5.98819e-07 0.122999 0.000511
1 11 0 0 2.12561e-06 -3.66216e-06 0.122999 0.000511
1 11 0 0 1.17724e-06 -1.16031e-06 0.123 0.000511
1 11 0 0 2.97919e-06 2.40952e-06 0.122999 0.000511
1 11 0 0 1.78657e-06 2.95538e-06 0.122999 0.000511
1 11 0 0 -2.75582e-06 -9.16387e-07 0.123 0.000511
1 11 0 0 5.09419e-06 -5.0063e-06 0.122999 0.000511
1 11 0 0 -2.22176e-06 1.63785e-06 0.122999 0.000511
1 11 0 0 1.53631e-06 2.13232e-06 0.122999 0.000511
1 11 0 0 -1.99618e-06 6.60022e-06 0.122999 0.000511
1 11 0 0 2.36225e-07 1.40925e-06 0.122999 0.000511
1 11 0 0 -1.42743e-07 -2.10554e-06 0.122999 0.000511
1 11 0 0 -2.49088e-07 -2.15638e-06 0.122999 0.000511
1 11 0 0 -1.62913e-06 1.49198e-06 0.122999 0.000511
1 11 0 0 -8.42454e-06 4.91586e-07 0.122999 0.000511
1 11 0 0 -2.31504e-08 4.3289e-06 0.122999 0.000511
1 11 0 0 1.8418e-08 -5.65293e-06 0.122998 0.000511
1 11 0 0 -4.13604e-06 -4.12843e-06 0.123 0.000511
1 11 0 0 -2.43867e-06 -1.31036e-06 0.122999 0.000511
1 11 0 0 -7.45939e-06 -7.60547e-07 0.122999 0.000511
1 11 0 0 -4.59584e-07 -1.0299e-06 0.123 0.000511
1 11 0 0 -2.78076e-06 -3.33184e-07 0.123 0.000511
1 11 0 0 -9.48248e-07 -4.66285e-06 0.122999 0.000511
1 11 0 0 -3.87143e-06 -9.04011e-07 0.122997 0.000511
1 11 0 0 1.75646e-06 -8.97009e-07 0.122998 0.000511
1 11 0 0 -1.14389e-06 2.11812e-06 0.122999 0.000511
1 11 0 0 -1.02593e-07 3.39426e-06 0.122999 0.000511
1 11 0 0 -6.06858e-06 -1.80478e-06 0.123 0.000511
1 11 0 0 4.20904e-06 4.44634e-07 0.122999 0.000511
1 11 0 0 6.41331e-06 -8.49211e-07 0.122998 0.000511
1 11 0 0 5.27919e-06 -1.10898e-06 0.122999 0.000511
1 11 0 0 3.00464e-06 3.99446e-07 0.122999 0.000511
1 11 0 0 -2.76006e-07 2.4021e-06 0.122999 0.000511
1 11 0 0 -2.90361e-06 -3.66064e-06 0.122999 0.000511
1 11 0 0 -1.73012e-06 2.38881e-06 0.123 0.000511
1 11 0 0 -2.39124e-06 3.2965e-06 0.123 0.000511
1 11 0 0 -1.11736e-06 -5.88266e-07 0.122999 0.000511
1 11 0 0 -3.14376e-06 -3.69027e-06 0.122999 0.000511
1 11 0 0 6.01773e-06 1.85094e-06 0.122998 0.000511
1 11 0 0 -7.83642e-07 -1.35579e-06 0.122999 0.000511
1 11 0 0 2.77399e-06 2.62743e-06 0.122999 0.000511
1 11 0 0 8.35358e-07 3.95487e-06 0.122999 0.000511
1 11 0 0 1.20574e-06 -2.60881e-06 0.122998 0.000511
1 11 0 0 2.04095e-06 1.33472e-06 0.122998 0.000511
1 11 0 0 2.14258e-06 -1.94148e-06 0.123 0.000511
1 11 0 0 -6.42167e-06 -3.47248e-06 0.122999 0.000511
1 11 0 0 -5.9899e-06 -7.95541e-07 0.122999 0.000511
1 11 0 0 2.28887e-07 6.09784e-06 0.122999 0.000511
1 11 0 0 -2.39124e-06 -7.81768e-06 0.122999 0.000511
1 11 0 0 -6.99446e-06 -4.7384e-08 0.122999 0.000511
1 11 0 0 -2.04546e-06 -2.84314e-06 0.122999 0.000511
1 11 0 0 -3.10699e-06 1.28613e-06 0.122998 0.000511
1 11 0 0 -3.97707e-07 2.24377e-06 0.122998 0.000511
1 11 0 0 -4.34078e-06 4.23918e-06 0.122999 0.000511
1 11 0 0 4.29937e-06 4.49008e-06 0.122999 0.000511
1 11 0 0 1.08797e-06 -3.37081e-06 0.123 0.000511
1 11 0 0 -6.43869e-07 4.38867e-07 0.122999 0.000511
1 11 0 0 -4.22262e-06 -1.7362e-06 0.123001 0.000511
1 11 0 0 -8.99524e-07 1.05016e-06 0.122998 0.000511
1 11 0 0 -3.40142e-06 -2.80562e-07 0.122999 0.000511
1 11 0 0 -2.90346e-06 -4.07256e-06 0.122998 0.000511
1 11 0 0 -3.1347e-06 -1.76662e-07 0.123 0.000511
1 11 0 0 -9.07738e-06 9.74563e-08 0.122999 0.000511
1 11 0 0 4.99815e-06 2.79745e-06 0.122999 0.000511
1 11 0 0 -2.86933e-06 4.94417e-06 0.122998 0.000511
1 11 0 0 9.99032e-06 -1.24405e-06 0.122999 0.000511
1 11 0 0 -2.22157e-06 7.6437e-06 0.122999 0.000511
1 11 0 0 1.61739e-07 6.10511e-07 0.122999 0.000511
1 11 0 0 8.77151e-07 -1.90737e-07 0.122999 0.000511
1 11 0 0 -1.66664e-06 -1.21186e-06 0.122999 0.000511
1 11 0 0 4.77161e-06 -4.03905e-06 0.122999 0.000511
1 11 0 0 -4.16657e-06 -4.4301e-06 0.122999 0.000511
1 11 0 0 5.49611e-06 2.54556e-06 0.122999 0.000511
1 11 0 0 7.11672e-07 1.2458e-06 0.122998 0.000511
1 11 0 0 -7.26021e-08 1.01037e-06 0.123 0.000511
1 11 0 0 -2.92079e-07 -7.92193e-07 0.122999 0.000511
1 11 0 0 -2.28304e-06 4.76546e-07 0.122998 0.000511
1 11 0 0 -8.83778e-07 -2.12926e-06 0.122999 0.000511
1 11 0 0 -2.67777e-06 -1.16483e-06 0.123 0.000511
1 11 0 0 -4.23357e-06 2.82467e-07 0.122999 0.000511
1 11 0 0 6.43008e-06 -3.27501e-06 0.123 0.000511
1 11 0 0 -1.02277e-05 -2.49949e-06 0.122999 0.000511
1 11 0 0 5.71526e-06 4.79462e-06 0.123 0.000511
1 11 0 0 -3.02843e-06 -2.71935e-06 0.122999 0.000511
1 11 0 0 8.34341e-07 4.9759e-06 0.122998 0.000511
1 11 0 0 8.29511e-07 3.43933e-06 0.122999 0.000511
1 11 0 0 9.75432e-07 -4.2187e-06 0.122999 0.000511
1 11 0 0 5.46457e-06 2.88277e-06 0.122999 0.000511
1 11 0 0 1.48413e-06 -4.50249e-07 0.122999 0.000511
1 11 0 0 -2.96337e-06 2.21996e-06 0.123 0.000511
1 11 0 0 5.16091e-06 3.85969e-06 0.122999 0.000511
1 11 0 0 4.49702e-07 4.1868e-07 0.122999 0.000511
1 11 0 0 4.23339e-06 2.97251e-06 0.122999 0.000511
1 11 0 0 -9.97476e-07 -2.97948e-06 0.123 0.000511
1 11 0 0 2.90981e-06 -8.53018e-07 0.122999 0.000511
1 11 0 0 -2.33256e-07 2.08826e-06 0.122999 0.000511
1 11 0 0 -1.08323e-06 5.28993e-06 0.122999 0.000511
1 11 0 0 -2.38945e-06 6.7977e-07 0.122998 0.000511
1 11 0 0 -2.62055e-06 -3.46594e-06 0.122998 0.000511
1 11 0 0 -2.54954e-06 -7.79165e-08 0.122999 0.000511
1 11 0 0 2.11425e-06 4.39087e-06 0.123 0.000511
1 11 0 0 4.65096e-06 1.35102e-06 0.122998 0.000511
1 11 0 0 -5.8787e-07 -5.25337e-06 0.122998 0.000511
1 11 0 0 8.73208e-06 1.30591e-06 0.122999 0.000511
1 11 0 0 2.93251e-06 2.89196e-07 0.122999 0.000511
1 11 0 0 5.37669e-07 1.12718e-06 0.122999 0.000511
1 11 0 0 2.51699e-06 3.79785e-06 0.122999 0.000511
1 11 0 0 2.83678e-06 -5.25445e-07 0.123001 0.000511
1 11 0 0 2.16286e-06 -1.52137e-06 0.122999 0.000511
1 11 0 0 -8.69117e-06 -3.93722e-06 0.123 0.000511
1 11 0 0 3.44093e-06 -1.03668e-06 0.122999 0.000511
1 11 0 0 -2.5618e-06 3.07033e-06 0.122999 0.000511
1 11 0 0 4.56372e-06 -1.08319e-06 0.122998 0.000511
1 11 0 0 4.25939e-06 -2.5778e-06 0.123 0.000511
1 11 0 0 -5.17128e-06 -5.56406e-07 0.123 0.000511
1 11 0 0 4.50023e-06 -3.04978e-06 0.123 0.000511
1 11 0 0 5.52691e-06 -1.10236e-06 0.123 0.000511
1 11 0 0 -6.81697e-07 4.04727e-06 0.122999 0.000511
1 11 0 0 -5.10648e-06 4.13704e-06 0.122999 0.000511
1 11 0 0 -1.09537e-06 6.1946e-06 0.123 0.000511
1 11 0 0 -3.37257e-07 1.93179e-06 0.122999 0.000511
1 11 0 0 1.79166e-06 -4.77147e-06 0.122999 0.000511
1 11 0 0 -4.7933e-07 1.22759e-06 0.122999 0.000511
1 11 0 0 -4.83668e-06 3.48004e-06 0.122998 0.000511
1 11 0 0 5.36872e-06 -2.51874e-06 0.122999 0.000511
1 11 0 0 5.47393e-07 -1.12761e-06 0.122999 0.000511
1 11 0 0 6.53639e-06 -4.24826e-06 0.123 0.000511
1 11 0 0 3.28691e-06 9.68631e-07 0.122998 0.000511
1 11 0 0 5.22746e-07 -7.80432e-07 0.122999 0.000511
1 11 0 0 4.66464e-06 2.52788e-06 0.123001 0.000511
1 11 0 0 3.83779e-06 -2.71461e-07 0.123 0.000511
1 11 0 0 -5.21481e-06 -3.44559e-06 0.122999 0.000511
1 11 0 0 6.04469e-06 -2.52959e-06 0.123 0.000511
1 11 0 0 9.38239e-09 3.40042e-06 0.122999 0.000511
1 11 0 0 -1.89749e-06 -1.62154e-06 0.123 0.000511
1 11 0 0 7.56709e-06 -2.03378e-06 0.123 0.000511
1 11 0 0 -3.39311e-06 5.50231e-06 0.122999 0.000511
1 11 0 0 3.46162e-06 4.89503e-06 0.122999 0.000511
1 11 0 0 3.83479e-06 2.54882e-06 0.123 0.000511
1 11 0 0 8.56518e-07 1.60396e-06 0.122998 0.000511
1 11 0 0 4.07147e-06 6.57225e-06 0.122998 0.000511
1 11 0 0 -2.02082e-06 3.41464e-07 0.123 0.000511
1 11 0 0 -3.77916e-07 -2.71429e-06 0.123 0.000511
1 11 0 0 4.22053e-06 2.84448e-06 0.122999 0.000511
1 11 0 0 -4.44819e-06 -2.79638e-06 0.122999 0.000511
1 11 0 0 -2.87309e-06 -2.98921e-06 0.123 0.000511
1 11 0 0 -9.59115e-07 2.95972e-06 0.122998 0.000511
1 11 0 0 -3.75718e-06 3.10764e-07 0.122999 0.000511
1 11 0 0 -5.02309e-06 3.35153e-06 0.122999 0.000511
1 11 0 0 -2.6791e-07 -2.83545e-06 0.122999 0.000511
1 11 0 0 -8.6136e-07 4.29496e-06 0.122999 0.000511
1 11 0 0 -2.88262e-06 4.37372e-06 0.122999 0.000511
1 11 0 0 1.42452e-06 3.23421e-06 0.122999 0.000511
1 11 0 0 5.87426e-06 4.16789e-07 0.122999 0.000511
1 11 0 0 5.28702e-06 -1.4337e-06 0.122999 0.000511
1 11 0 0 -2.43786e-06 4.6968e-06 0.122999 0.000511
1 11 0 0 5.40719e-06 1.4826e-06 0.123 0.000511
1 11 0 0 -5.68289e-06 3.15388e-06 0.122999 0.000511
1 11 0 0 -4.37941e-06 -2.87084e-06 0.122999 0.000511
1 11 0 0 5.13472e-06 3.16657e-06 0.122998 0.000511
1 11 0 0 4.94929e-06 -2.21638e-06 0.122999 0.000511
1 11 0 0 2.90025e-06 2.90582e-06 0.122999 0.000511
1 11 0 0 -3.4321e-08 1.14447e-06 0.122999 0.000511
1 11 0 0 6.75781e-06 1.12599e-06 0.122999 0.000511
1 11 0 0 -1.49581e-07 -4.59643e-06 0.122999 0.000511
1 11 0 0 1.31973e-06 4.68465e-08 0.123 0.000511
1 11 0 0 4.16923e-06 -1.37846e-06 0.122999 0.000511
1 11 0 0 3.78189e-06 1.49489e-07 0.122999 0.000511
1 11 0 0 -6.19238e-06 -2.78866e-07 0.123 0.000511
1 11 0 0 3.35972e-06 -7.65768e-07 0.122999 0.000511
1 11 0 0 2.64745e-06 1.93452e-06 0.122998 0.000511
